point cloud with 60 points in dimension 4
persistence intervals in dim 0:
 [0,0.0286478)
 [0,0.0338122)
 [0,0.0824789)
 [0,0.0923425)
 [0,0.10607)
 [0,0.149034)
 [0,0.210526)
 [0,0.246629)
 [0,0.287632)
 [0,0.299311)
 [0,0.313287)
 [0,0.323963)
 [0,0.331141)
 [0,0.334112)
 [0,0.338592)
 [0,0.361719)
 [0,0.373842)
 [0,0.373913)
 [0,0.384434)
 [0,0.385096)
 [0,0.392215)
 [0,0.411597)
 [0,0.420152)
 [0,0.43595)
 [0,0.470933)
 [0,0.476025)
 [0,0.512705)
 [0,0.542096)
 [0,0.545615)
 [0,0.546863)
 [0,0.548634)
 [0,0.550582)
 [0,0.554201)
 [0,0.559537)
 [0,0.565252)
 [0,0.598793)
 [0,0.60452)
 [0,0.610242)
 [0,0.612416)
 [0,0.615565)
 [0,0.644961)
 [0,0.666215)
 [0,0.667354)
 [0,0.675211)
 [0,0.68887)
 [0,0.726864)
 [0,0.752251)
 [0,0.769834)
 [0,0.787294)
 [0,0.836979)
 [0,0.837653)
 [0,0.841176)
 [0,0.843761)
 [0,0.860069)
 [0,0.864082)
 [0,0.88045)
 [0,0.991547)
 [0,1.01154)
 [0,1.0381)
 [0, )
persistence intervals in dim 1:
 [1.45746,1.61951)
 [1.31704,1.37096)
 [1.29235,1.59668)
 [1.28926,1.37214)
 [1.25458,1.30449)
 [1.1775,1.60864)
 [1.08133,1.20373)
 [1.08106,1.61162)
 [1.07325,1.21826)
 [1.072,1.19905)
 [1.06009,1.7048)
 [1.04692,1.46268)
 [1.04463,1.0502)
 [1.0079,1.14835)
 [1.00373,1.78218)
 [0.996752,1.041)
 [0.994762,1.01372)
 [0.967686,0.991974)
 [0.962381,1.1139)
 [0.939235,1.78605)
 [0.918783,1.0693)
 [0.916419,1.2245)
 [0.835305,0.852876)
 [0.807078,0.890302)
 [0.804113,1.06577)
 [0.380058,0.480241)
persistence intervals in dim 2:
 [1.95796,1.98361)
 [1.93973,1.94777)
 [1.9284,1.95391)
 [1.91438,1.94566)
 [1.90767,1.92658)
 [1.90511,1.9801)
 [1.88185,1.92563)
 [1.86908,1.90191)
 [1.86811,1.95606)
 [1.85098,1.95097)
 [1.8442,1.85792)
 [1.83714,1.89777)
 [1.8299,1.94999)
 [1.82137,1.95648)
 [1.81719,1.96179)
 [1.8149,1.95815)
 [1.81219,1.96777)
 [1.80771,1.86608)